m =-2.2000000000e-07
Rx=0.000000
Ry=-0.000097
Rz=-0.000219
dX=23.570000
dY=-140.950000
dZ=-79.800000
